#x;y;rot;heading;speed;rrot;x';y';heading'
0.000;0.000;0.000;0.000;1;20;0.000;1.000;0.000
0.000;1.000;0.030;0.000;1;20;0.000;2.000;0.001
0.000;2.000;0.060;0.001;1;20;0.000;3.000;0.002
0.000;3.000;0.090;0.002;1;20;0.000;4.000;0.003
0.000;4.000;0.120;0.003;1;20;0.000;5.000;0.005
0.000;5.000;0.150;0.005;1;20;0.000;6.000;0.007
0.000;6.000;0.180;0.007;1;20;0.000;7.000;0.010
0.000;7.000;0.210;0.010;1;20;0.000;8.000;0.014
0.000;8.000;0.240;0.014;1;20;0.001;9.000;0.018
0.001;9.000;0.270;0.018;1;20;0.001;10.000;0.022
0.001;10.000;0.300;0.022;1;20;0.001;11.000;0.028
0.001;11.000;0.330;0.028;1;20;0.002;12.000;0.033
0.002;12.000;0.360;0.033;1;20;0.002;13.000;0.039
0.002;13.000;0.390;0.039;1;20;0.003;14.000;0.046
0.003;14.000;0.420;0.046;1;20;0.004;15.000;0.053
0.004;15.000;0.450;0.053;1;20;0.005;16.000;0.060
0.005;16.000;0.480;0.060;1;20;0.006;17.000;0.068
0.006;17.000;0.510;0.068;1;20;0.007;18.000;0.077
0.007;18.000;0.540;0.077;1;20;0.008;19.000;0.086
0.008;19.000;0.570;0.086;1;20;0.010;20.000;0.095
0.010;20.000;0.600;0.095;1;20;0.012;21.000;0.105
0.012;21.000;0.630;0.105;1;20;0.013;22.000;0.116
0.013;22.000;0.660;0.116;1;20;0.015;23.000;0.127
0.015;23.000;0.690;0.127;1;20;0.018;24.000;0.138
0.018;24.000;0.720;0.138;1;20;0.020;25.000;0.150
0.020;25.000;0.750;0.150;1;20;0.023;26.000;0.163
0.023;26.000;0.780;0.163;1;20;0.026;27.000;0.176
0.026;27.000;0.810;0.176;1;20;0.029;28.000;0.189
0.029;28.000;0.840;0.189;1;20;0.032;29.000;0.203
0.032;29.000;0.870;0.203;1;20;0.035;30.000;0.218
0.035;30.000;0.900;0.218;1;20;0.039;31.000;0.233
0.039;31.000;0.930;0.233;1;20;0.043;32.000;0.248
0.043;32.000;0.960;0.248;1;20;0.048;33.000;0.264
0.048;33.000;0.990;0.264;1;20;0.052;34.000;0.281
0.052;34.000;1.020;0.281;1;20;0.057;35.000;0.298
0.057;35.000;1.050;0.298;1;20;0.062;36.000;0.315
0.062;36.000;1.080;0.315;1;20;0.068;37.000;0.333
0.068;37.000;1.110;0.333;1;20;0.074;38.000;0.352
0.074;38.000;1.140;0.352;1;20;0.080;39.000;0.371
0.080;39.000;1.170;0.371;1;20;0.086;40.000;0.390
0.086;40.000;1.200;0.390;1;20;0.093;41.000;0.410
0.093;41.000;1.230;0.410;1;20;0.100;42.000;0.431
0.100;42.000;1.260;0.431;1;20;0.108;43.000;0.452
0.108;43.000;1.290;0.452;1;20;0.116;44.000;0.473
0.116;44.000;1.320;0.473;1;20;0.124;45.000;0.495
0.124;45.000;1.350;0.495;1;20;0.132;46.000;0.518
0.132;46.000;1.380;0.518;1;20;0.142;47.000;0.541
0.142;47.000;1.410;0.541;1;20;0.151;48.000;0.564
0.151;48.000;1.440;0.564;1;20;0.161;49.000;0.588
0.161;49.000;1.470;0.588;1;20;0.171;49.999;0.613
0.171;49.999;1.500;0.613;1;20;0.182;50.999;0.638
0.182;50.999;1.530;0.638;1;20;0.193;51.999;0.663
0.193;51.999;1.560;0.663;1;20;0.204;52.999;0.689
0.204;52.999;1.590;0.689;1;20;0.216;53.999;0.716
0.216;53.999;1.620;0.716;1;20;0.229;54.999;0.743
0.229;54.999;1.650;0.743;1;20;0.242;55.999;0.770
0.242;55.999;1.680;0.770;1;20;0.255;56.999;0.798
0.255;56.999;1.710;0.798;1;20;0.269;57.999;0.827
0.269;57.999;1.740;0.827;1;20;0.284;58.999;0.856
0.284;58.999;1.770;0.856;1;20;0.299;59.999;0.885
0.299;59.999;1.800;0.885;1;20;0.314;60.999;0.915
0.314;60.999;1.830;0.915;1;20;0.330;61.998;0.946
0.330;61.998;1.860;0.946;1;20;0.347;62.998;0.977
0.347;62.998;1.890;0.977;1;20;0.364;63.998;1.008
0.364;63.998;1.920;1.008;1;20;0.381;64.998;1.040
0.381;64.998;1.950;1.040;1;20;0.399;65.998;1.073
0.399;65.998;1.980;1.073;1;20;0.418;66.998;1.106
0.418;66.998;2.010;1.106;1;20;0.437;67.997;1.139
0.437;67.997;2.040;1.139;1;20;0.457;68.997;1.173
0.457;68.997;2.070;1.173;1;20;0.478;69.997;1.208
0.478;69.997;2.100;1.208;1;20;0.499;70.997;1.243
0.499;70.997;2.130;1.243;1;20;0.520;71.997;1.278
0.520;71.997;2.160;1.278;1;20;0.543;72.996;1.314
0.543;72.996;2.190;1.314;1;20;0.566;73.996;1.351
0.566;73.996;2.220;1.351;1;20;0.589;74.996;1.388
0.589;74.996;2.250;1.388;1;20;0.613;75.995;1.425
0.613;75.995;2.280;1.425;1;20;0.638;76.995;1.463
0.638;76.995;2.310;1.463;1;20;0.664;77.995;1.502
0.664;77.995;2.340;1.502;1;20;0.690;78.995;1.541
0.690;78.995;2.370;1.541;1;20;0.717;79.994;1.580
0.717;79.994;2.400;1.580;1;20;0.745;80.994;1.620
0.745;80.994;2.430;1.620;1;20;0.773;81.993;1.661
0.773;81.993;2.460;1.661;1;20;0.802;82.993;1.702
0.802;82.993;2.490;1.702;1;20;0.831;83.993;1.743
0.831;83.993;2.520;1.743;1;20;0.862;84.992;1.785
0.862;84.992;2.550;1.785;1;20;0.893;85.992;1.828
0.893;85.992;2.580;1.828;1;20;0.925;86.991;1.871
0.925;86.991;2.610;1.871;1;20;0.958;87.991;1.914
0.958;87.991;2.640;1.914;1;20;0.991;88.990;1.958
0.991;88.990;2.670;1.958;1;20;1.025;89.989;2.002
1.025;89.989;2.700;2.002;1;20;1.060;90.989;2.047
1.060;90.989;2.730;2.047;1;20;1.096;91.988;2.093
1.096;91.988;2.760;2.093;1;20;1.132;92.987;2.139
1.132;92.987;2.790;2.139;1;20;1.170;93.987;2.185
1.170;93.987;2.820;2.185;1;20;1.208;94.986;2.232
1.208;94.986;2.850;2.232;1;20;1.247;95.985;2.280
1.247;95.985;2.880;2.280;1;20;1.287;96.984;2.328
1.287;96.984;2.910;2.328;1;20;1.327;97.984;2.376
1.327;97.984;2.940;2.376;1;20;1.369;98.983;2.425
1.369;98.983;2.970;2.425;1;20;1.411;99.982;2.475
1.411;99.982;3.000;2.475;1;20;1.454;100.981;2.525
1.454;100.981;3.030;2.525;1;20;1.498;101.980;2.575
1.498;101.980;3.060;2.575;1;20;1.543;102.979;2.626
1.543;102.979;3.090;2.626;1;20;1.589;103.978;2.678
1.589;103.978;3.120;2.678;1;20;1.636;104.977;2.730
1.636;104.977;3.150;2.730;1;20;1.683;105.976;2.782
1.683;105.976;3.180;2.782;1;20;1.732;106.975;2.835
1.732;106.975;3.210;2.835;1;20;1.781;107.973;2.889
1.781;107.973;3.240;2.889;1;20;1.832;108.972;2.943
1.832;108.972;3.270;2.943;1;20;1.883;109.971;2.997
1.883;109.971;3.300;2.997;1;20;1.935;110.969;3.052
1.935;110.969;3.330;3.052;1;20;1.989;111.968;3.108
1.989;111.968;3.360;3.108;1;20;2.043;112.966;3.164
2.043;112.966;3.390;3.164;1;20;2.098;113.965;3.220
2.098;113.965;3.420;3.220;1;20;2.154;114.963;3.277
2.154;114.963;3.450;3.277;1;20;2.211;115.962;3.335
2.211;115.962;3.480;3.335;1;20;2.270;116.960;3.393
2.270;116.960;3.510;3.393;1;20;2.329;117.958;3.451
2.329;117.958;3.540;3.451;1;20;2.389;118.956;3.510
2.389;118.956;3.570;3.510;1;20;2.450;119.955;3.570
2.450;119.955;3.600;3.570;1;20;2.512;120.953;3.630
2.512;120.953;3.630;3.630;1;20;2.576;121.951;3.690
2.576;121.951;3.660;3.690;1;20;2.640;122.949;3.751
2.640;122.949;3.690;3.751;1;20;2.706;123.946;3.813
2.706;123.946;3.720;3.813;1;20;2.772;124.944;3.875
2.772;124.944;3.750;3.875;1;20;2.840;125.942;3.937
2.840;125.942;3.780;3.937;1;20;2.908;126.940;4.000
2.908;126.940;3.810;4.000;1;20;2.978;127.937;4.064
2.978;127.937;3.840;4.064;1;20;3.049;128.935;4.128
3.049;128.935;3.870;4.128;1;20;3.121;129.932;4.192
3.121;129.932;3.900;4.192;1;20;3.194;130.929;4.257
3.194;130.929;3.930;4.257;1;20;3.268;131.927;4.323
3.268;131.927;3.960;4.323;1;20;3.344;132.924;4.389
3.344;132.924;3.990;4.389;1;20;3.420;133.921;4.455
3.420;133.921;4.020;4.455;1;20;3.498;134.918;4.522
3.498;134.918;4.050;4.522;1;20;3.577;135.915;4.590
3.577;135.915;4.080;4.590;1;20;3.657;136.911;4.658
3.657;136.911;4.110;4.658;1;20;3.738;137.908;4.726
3.738;137.908;4.140;4.726;1;20;3.820;138.905;4.795
3.820;138.905;4.170;4.795;1;20;3.904;139.901;4.865
3.904;139.901;4.200;4.865;1;20;3.989;140.898;4.935
3.989;140.898;4.230;4.935;1;20;4.075;141.894;5.005
4.075;141.894;4.260;5.005;1;20;4.162;142.890;5.076
4.162;142.890;4.290;5.076;1;20;4.250;143.886;5.148
4.250;143.886;4.320;5.148;1;20;4.340;144.882;5.220
4.340;144.882;4.350;5.220;1;20;4.431;145.878;5.292
4.431;145.878;4.380;5.292;1;20;4.523;146.874;5.365
4.523;146.874;4.410;5.365;1;20;4.617;147.869;5.439
4.617;147.869;4.440;5.439;1;20;4.712;148.865;5.513
4.712;148.865;4.470;5.513;1;20;4.808;149.860;5.587
4.808;149.860;4.500;5.587;1;20;4.905;150.856;5.662
4.905;150.856;4.530;5.662;1;20;5.004;151.851;5.738
5.004;151.851;4.560;5.738;1;20;5.104;152.846;5.814
5.104;152.846;4.590;5.814;1;20;5.205;153.840;5.890
5.205;153.840;4.620;5.890;1;20;5.308;154.835;5.967
5.308;154.835;4.650;5.967;1;20;5.412;155.830;6.045
5.412;155.830;4.680;6.045;1;20;5.517;156.824;6.123
5.517;156.824;4.710;6.123;1;20;5.624;157.819;6.201
5.624;157.819;4.740;6.201;1;20;5.732;158.813;6.280
5.732;158.813;4.770;6.280;1;20;5.841;159.807;6.360
5.841;159.807;4.800;6.360;1;20;5.952;160.800;6.440
5.952;160.800;4.830;6.440;1;20;6.064;161.794;6.520
6.064;161.794;4.860;6.520;1;20;6.178;162.788;6.601
6.178;162.788;4.890;6.601;1;20;6.293;163.781;6.683
6.293;163.781;4.920;6.683;1;20;6.409;164.774;6.765
6.409;164.774;4.950;6.765;1;20;6.527;165.767;6.847
6.527;165.767;4.980;6.847;1;20;6.646;166.760;6.930
6.646;166.760;5.010;6.930;1;20;6.767;167.753;7.014
6.767;167.753;5.040;7.014;1;20;6.889;168.745;7.098
6.889;168.745;5.070;7.098;1;20;7.012;169.738;7.182
7.012;169.738;5.100;7.182;1;20;7.137;170.730;7.267
7.137;170.730;5.130;7.267;1;20;7.264;171.722;7.353
7.264;171.722;5.160;7.353;1;20;7.392;172.714;7.439
7.392;172.714;5.190;7.439;1;20;7.521;173.705;7.525
7.521;173.705;5.220;7.525;1;20;7.652;174.697;7.612
7.652;174.697;5.250;7.612;1;20;7.785;175.688;7.700
7.785;175.688;5.280;7.700;1;20;7.919;176.679;7.788
7.919;176.679;5.310;7.788;1;20;8.054;177.670;7.876
8.054;177.670;5.340;7.876;1;20;8.191;178.660;7.965
8.191;178.660;5.370;7.965;1;20;8.330;179.650;8.055
8.330;179.650;5.400;8.055;1;20;8.470;180.641;8.145
8.470;180.641;5.430;8.145;1;20;8.612;181.631;8.235
8.612;181.631;5.460;8.235;1;20;8.755;182.620;8.326
8.755;182.620;5.490;8.326;1;20;8.900;183.610;8.418
8.900;183.610;5.520;8.418;1;20;9.046;184.599;8.510
9.046;184.599;5.550;8.510;1;20;9.194;185.588;8.602
9.194;185.588;5.580;8.602;1;20;9.344;186.577;8.695
9.344;186.577;5.610;8.695;1;20;9.495;187.565;8.789
9.495;187.565;5.640;8.789;1;20;9.648;188.553;8.883
9.648;188.553;5.670;8.883;1;20;9.802;189.541;8.977
9.802;189.541;5.700;8.977;1;20;9.958;190.529;9.072
9.958;190.529;5.730;9.072;1;20;10.116;191.517;9.168
10.116;191.517;5.760;9.168;1;20;10.275;192.504;9.264
10.275;192.504;5.790;9.264;1;20;10.436;193.491;9.360
10.436;193.491;5.820;9.360;1;20;10.599;194.478;9.457
10.599;194.478;5.850;9.457;1;20;10.763;195.464;9.555
10.763;195.464;5.880;9.555;1;20;10.929;196.450;9.653
10.929;196.450;5.910;9.653;1;20;11.097;197.436;9.751
11.097;197.436;5.940;9.751;1;20;11.266;198.421;9.850
11.266;198.421;5.970;9.850;1;20;11.437;199.407;9.950
11.437;199.407;6.000;9.950;1;20;11.610;200.392;10.050
11.610;200.392;6.030;10.050;1;20;11.784;201.376;10.150
11.784;201.376;6.060;10.150;1;20;11.961;202.361;10.251
11.961;202.361;6.090;10.251;1;20;12.139;203.345;10.353
12.139;203.345;6.120;10.353;1;20;12.318;204.328;10.455
12.318;204.328;6.150;10.455;1;20;12.500;205.312;10.557
12.500;205.312;6.180;10.557;1;20;12.683;206.295;10.660
12.683;206.295;6.210;10.660;1;20;12.868;207.278;10.764
12.868;207.278;6.240;10.764;1;20;13.055;208.260;10.868
13.055;208.260;6.270;10.868;1;20;13.243;209.242;10.972
13.243;209.242;6.300;10.972;1;20;13.434;210.224;11.077
13.434;210.224;6.330;11.077;1;20;13.626;211.205;11.183
13.626;211.205;6.360;11.183;1;20;13.820;212.186;11.289
13.820;212.186;6.390;11.289;1;20;14.016;213.167;11.395
14.016;213.167;6.420;11.395;1;20;14.213;214.147;11.502
14.213;214.147;6.450;11.502;1;20;14.413;215.127;11.610
14.413;215.127;6.480;11.610;1;20;14.614;216.107;11.718
14.614;216.107;6.510;11.718;1;20;14.817;217.086;11.826
14.817;217.086;6.540;11.826;1;20;15.022;218.065;11.935
15.022;218.065;6.570;11.935;1;20;15.229;219.043;12.045
15.229;219.043;6.600;12.045;1;20;15.437;220.021;12.155
15.437;220.021;6.630;12.155;1;20;15.648;220.998;12.265
15.648;220.998;6.660;12.265;1;20;15.860;221.976;12.376
15.860;221.976;6.690;12.376;1;20;16.075;222.952;12.488
16.075;222.952;6.720;12.488;1;20;16.291;223.929;12.600
16.291;223.929;6.750;12.600;1;20;16.509;224.905;12.712
16.509;224.905;6.780;12.712;1;20;16.729;225.880;12.825
16.729;225.880;6.810;12.825;1;20;16.951;226.855;12.939
16.951;226.855;6.840;12.939;1;20;17.175;227.830;13.053
17.175;227.830;6.870;13.053;1;20;17.401;228.804;13.167
17.401;228.804;6.900;13.167;1;20;17.629;229.778;13.282
17.629;229.778;6.930;13.282;1;20;17.858;230.751;13.398
17.858;230.751;6.960;13.398;1;20;18.090;231.724;13.514
18.090;231.724;6.990;13.514;1;20;18.324;232.696;13.630
18.324;232.696;7.020;13.630;1;20;18.559;233.668;13.747
18.559;233.668;7.050;13.747;1;20;18.797;234.639;13.865
18.797;234.639;7.080;13.865;1;20;19.037;235.610;13.983
19.037;235.610;7.110;13.983;1;20;19.278;236.580;14.101
19.278;236.580;7.140;14.101;1;20;19.522;237.550;14.220
19.522;237.550;7.170;14.220;1;20;19.768;238.520;14.340
19.768;238.520;7.200;14.340;1;20;20.015;239.488;14.460
20.015;239.488;7.230;14.460;1;20;20.265;240.457;14.580
20.265;240.457;7.260;14.580;1;20;20.517;241.425;14.701
20.517;241.425;7.290;14.701;1;20;20.771;242.392;14.823
20.771;242.392;7.320;14.823;1;20;21.026;243.359;14.945
21.026;243.359;7.350;14.945;1;20;21.284;244.325;15.068
21.284;244.325;7.380;15.068;1;20;21.544;245.290;15.191
21.544;245.290;7.410;15.191;1;20;21.806;246.255;15.314
21.806;246.255;7.440;15.314;1;20;22.070;247.220;15.438
22.070;247.220;7.470;15.438;1;20;22.337;248.184;15.563
22.337;248.184;7.500;15.563;1;20;22.605;249.147;15.688
22.605;249.147;7.530;15.688;1;20;22.875;250.110;15.813
22.875;250.110;7.560;15.813;1;20;23.148;251.072;15.939
23.148;251.072;7.590;15.939;1;20;23.422;252.034;16.066
23.422;252.034;7.620;16.066;1;20;23.699;252.995;16.193
23.699;252.995;7.650;16.193;1;20;23.978;253.955;16.320
23.978;253.955;7.680;16.320;1;20;24.259;254.915;16.448
24.259;254.915;7.710;16.448;1;20;24.542;255.874;16.577
24.542;255.874;7.740;16.577;1;20;24.827;256.832;16.706
24.827;256.832;7.770;16.706;1;20;25.115;257.790;16.835
25.115;257.790;7.800;16.835;1;20;25.404;258.747;16.965
25.404;258.747;7.830;16.965;1;20;25.696;259.704;17.096
25.696;259.704;7.860;17.096;1;20;25.990;260.659;17.227
25.990;260.659;7.890;17.227;1;20;26.286;261.615;17.358
26.286;261.615;7.920;17.358;1;20;26.585;262.569;17.490
26.585;262.569;7.950;17.490;1;20;26.885;263.523;17.623
26.885;263.523;7.980;17.623;1;20;27.188;264.476;17.756
27.188;264.476;8.010;17.756;1;20;27.493;265.428;17.889
27.493;265.428;8.040;17.889;1;20;27.800;266.380;18.023
27.800;266.380;8.070;18.023;1;20;28.110;267.331;18.158
28.110;267.331;8.100;18.158;1;20;28.421;268.281;18.293
28.421;268.281;8.130;18.293;1;20;28.735;269.230;18.428
28.735;269.230;8.160;18.428;1;20;29.051;270.179;18.564
29.051;270.179;8.190;18.564;1;20;29.369;271.127;18.701
29.369;271.127;8.220;18.701;1;20;29.690;272.074;18.838
29.690;272.074;8.250;18.838;1;20;30.013;273.021;18.975
30.013;273.021;8.280;18.975;1;20;30.338;273.966;19.113
30.338;273.966;8.310;19.113;1;20;30.666;274.911;19.252
30.666;274.911;8.340;19.252;1;20;30.995;275.855;19.391
30.995;275.855;8.370;19.391;1;20;31.327;276.799;19.530
31.327;276.799;8.400;19.530;1;20;31.662;277.741;19.670
31.662;277.741;8.430;19.670;1;20;31.998;278.683;19.811
31.998;278.683;8.460;19.811;1;20;32.337;279.624;19.952
32.337;279.624;8.490;19.952;1;20;32.678;280.564;20.093
32.678;280.564;8.520;20.093;1;20;33.022;281.503;20.235
33.022;281.503;8.550;20.235;1;20;33.368;282.441;20.378
33.368;282.441;8.580;20.378;1;20;33.716;283.378;20.521
33.716;283.378;8.610;20.521;1;20;34.067;284.315;20.664
34.067;284.315;8.640;20.664;1;20;34.419;285.251;20.808
34.419;285.251;8.670;20.808;1;20;34.775;286.185;20.953
34.775;286.185;8.700;20.953;1;20;35.132;287.119;21.098
35.132;287.119;8.730;21.098;1;20;35.492;288.052;21.243
35.492;288.052;8.760;21.243;1;20;35.855;288.984;21.389
35.855;288.984;8.790;21.389;1;20;36.219;289.915;21.536
36.219;289.915;8.820;21.536;1;20;36.586;290.846;21.683
36.586;290.846;8.850;21.683;1;20;36.956;291.775;21.830
36.956;291.775;8.880;21.830;1;20;37.328;292.703;21.978
37.328;292.703;8.910;21.978;1;20;37.702;293.631;22.127
37.702;293.631;8.940;22.127;1;20;38.079;294.557;22.276
38.079;294.557;8.970;22.276;1;20;38.458;295.482;22.425
38.458;295.482;9.000;22.425;1;20;38.839;296.407;22.575
38.839;296.407;9.030;22.575;1;20;39.223;297.330;22.726
39.223;297.330;9.060;22.726;1;20;39.609;298.252;22.877
39.609;298.252;9.090;22.877;1;20;39.998;299.174;23.028
39.998;299.174;9.120;23.028;1;20;40.389;300.094;23.180
40.389;300.094;9.150;23.180;1;20;40.783;301.013;23.333
40.783;301.013;9.180;23.333;1;20;41.179;301.932;23.486
41.179;301.932;9.210;23.486;1;20;41.577;302.849;23.639
41.577;302.849;9.240;23.639;1;20;41.978;303.765;23.793
41.978;303.765;9.270;23.793;1;20;42.382;304.680;23.948
42.382;304.680;9.300;23.948;1;20;42.788;305.594;24.103
42.788;305.594;9.330;24.103;1;20;43.196;306.507;24.258
43.196;306.507;9.360;24.258;1;20;43.607;307.418;24.414
43.607;307.418;9.390;24.414;1;20;44.020;308.329;24.571
44.020;308.329;9.420;24.571;1;20;44.436;309.238;24.728
44.436;309.238;9.450;24.728;1;20;44.854;310.147;24.885
44.854;310.147;9.480;24.885;1;20;45.275;311.054;25.043
45.275;311.054;9.510;25.043;1;20;45.698;311.960;25.202
45.698;311.960;9.540;25.202;1;20;46.124;312.865;25.361
46.124;312.865;9.570;25.361;1;20;46.553;313.768;25.520
46.553;313.768;9.600;25.520;1;20;46.983;314.671;25.680
46.983;314.671;9.630;25.680;1;20;47.417;315.572;25.841
47.417;315.572;9.660;25.841;1;20;47.853;316.472;26.002
47.853;316.472;9.690;26.002;1;20;48.291;317.371;26.163
48.291;317.371;9.720;26.163;1;20;48.732;318.268;26.325
48.732;318.268;9.750;26.325;1;20;49.175;319.164;26.488
49.175;319.164;9.780;26.488;1;20;49.621;320.059;26.651
49.621;320.059;9.810;26.651;1;20;50.070;320.953;26.814
50.070;320.953;9.840;26.814;1;20;50.521;321.846;26.978
50.521;321.846;9.870;26.978;1;20;50.975;322.737;27.143
50.975;322.737;9.900;27.143;1;20;51.431;323.627;27.308
51.431;323.627;9.930;27.308;1;20;51.890;324.515;27.473
51.890;324.515;9.960;27.473;1;20;52.351;325.403;27.639
52.351;325.403;9.990;27.639;1;20;52.815;326.288;27.806
52.815;326.288;10.020;27.806;1;20;53.281;327.173;27.973
53.281;327.173;10.050;27.973;1;20;53.750;328.056;28.140
53.750;328.056;10.080;28.140;1;20;54.222;328.938;28.308
54.222;328.938;10.110;28.308;1;20;54.696;329.818;28.477
54.696;329.818;10.140;28.477;1;20;55.173;330.697;28.646
55.173;330.697;10.170;28.646;1;20;55.652;331.575;28.815
55.652;331.575;10.200;28.815;1;20;56.134;332.451;28.985
56.134;332.451;10.230;28.985;1;20;56.619;333.326;29.155
56.619;333.326;10.260;29.155;1;20;57.106;334.199;29.326
57.106;334.199;10.290;29.326;1;20;57.596;335.071;29.498
57.596;335.071;10.320;29.498;1;20;58.088;335.941;29.670
58.088;335.941;10.350;29.670;1;20;58.583;336.810;29.842
58.583;336.810;10.380;29.842;1;20;59.081;337.678;30.015
59.081;337.678;10.410;30.015;1;20;59.581;338.544;30.189
59.581;338.544;10.440;30.189;1;20;60.084;339.408;30.363
60.084;339.408;10.470;30.363;1;20;60.590;340.271;30.537
60.590;340.271;10.500;30.537;1;20;61.098;341.132;30.712
61.098;341.132;10.530;30.712;1;20;61.608;341.992;30.888
61.608;341.992;10.560;30.888;1;20;62.122;342.850;31.064
62.122;342.850;10.590;31.064;1;20;62.638;343.707;31.240
62.638;343.707;10.620;31.240;1;20;63.156;344.562;31.417
63.156;344.562;10.650;31.417;1;20;63.678;345.415;31.595
63.678;345.415;10.680;31.595;1;20;64.202;346.267;31.773
64.202;346.267;10.710;31.773;1;20;64.728;347.117;31.951
64.728;347.117;10.740;31.951;1;20;65.257;347.965;32.130
65.257;347.965;10.770;32.130;1;20;65.789;348.812;32.310
65.789;348.812;10.800;32.310;1;20;66.324;349.657;32.490
66.324;349.657;10.830;32.490;1;20;66.861;350.501;32.670
66.861;350.501;10.860;32.670;1;20;67.401;351.343;32.851
67.401;351.343;10.890;32.851;1;20;67.943;352.183;33.033
67.943;352.183;10.920;33.033;1;20;68.488;353.021;33.215
68.488;353.021;10.950;33.215;1;20;69.036;353.858;33.397
69.036;353.858;10.980;33.397;1;20;69.586;354.693;33.580
69.586;354.693;11.010;33.580;1;20;70.140;355.526;33.764
70.140;355.526;11.040;33.764;1;20;70.695;356.357;33.948
70.695;356.357;11.070;33.948;1;20;71.254;357.187;34.132
71.254;357.187;11.100;34.132;1;20;71.815;358.014;34.317
71.815;358.014;11.130;34.317;1;20;72.379;358.840;34.503
72.379;358.840;11.160;34.503;1;20;72.945;359.664;34.689
72.945;359.664;11.190;34.689;1;20;73.514;360.487;34.875
73.514;360.487;11.220;34.875;1;20;74.086;361.307;35.062
74.086;361.307;11.250;35.062;1;20;74.660;362.126;35.250
74.660;362.126;11.280;35.250;1;20;75.238;362.942;35.438
75.238;362.942;11.310;35.438;1;20;75.817;363.757;35.626
75.817;363.757;11.340;35.626;1;20;76.400;364.570;35.815
76.400;364.570;11.370;35.815;1;20;76.985;365.381;36.005
76.985;365.381;11.400;36.005;1;20;77.573;366.190;36.195
77.573;366.190;11.430;36.195;1;20;78.163;366.997;36.385
78.163;366.997;11.460;36.385;1;20;78.757;367.802;36.576
78.757;367.802;11.490;36.576;1;20;79.353;368.605;36.768
79.353;368.605;11.520;36.768;1;20;79.951;369.406;36.960
79.951;369.406;11.550;36.960;1;20;80.552;370.205;37.152
80.552;370.205;11.580;37.152;1;20;81.156;371.002;37.345
81.156;371.002;11.610;37.345;1;20;81.763;371.797;37.539
81.763;371.797;11.640;37.539;1;20;82.372;372.590;37.733
82.372;372.590;11.670;37.733;1;20;82.984;373.381;37.927
82.984;373.381;11.700;37.927;1;20;83.599;374.169;38.122
83.599;374.169;11.730;38.122;1;20;84.216;374.956;38.318
84.216;374.956;11.760;38.318;1;20;84.836;375.741;38.514
84.836;375.741;11.790;38.514;1;20;85.459;376.523;38.710
85.459;376.523;11.820;38.710;1;20;86.084;377.304;38.907
86.084;377.304;11.850;38.907;1;20;86.712;378.082;39.105
86.712;378.082;11.880;39.105;1;20;87.343;378.858;39.303
87.343;378.858;11.910;39.303;1;20;87.977;379.631;39.501
87.977;379.631;11.940;39.501;1;20;88.613;380.403;39.700
88.613;380.403;11.970;39.700;1;20;89.251;381.172;39.900
89.251;381.172;12.000;39.900;1;20;89.893;381.940;40.100
89.893;381.940;12.030;40.100;1;20;90.537;382.705;40.300
90.537;382.705;12.060;40.300;1;20;91.184;383.467;40.501
91.184;383.467;12.090;40.501;1;20;91.833;384.228;40.703
91.833;384.228;12.120;40.703;1;20;92.485;384.986;40.905
92.485;384.986;12.150;40.905;1;20;93.140;385.742;41.107
93.140;385.742;12.180;41.107;1;20;93.798;386.495;41.310
93.798;386.495;12.210;41.310;1;20;94.458;387.246;41.514
94.458;387.246;12.240;41.514;1;20;95.121;387.995;41.718
95.121;387.995;12.270;41.718;1;20;95.786;388.741;41.922
95.786;388.741;12.300;41.922;1;20;96.454;389.485;42.127
96.454;389.485;12.330;42.127;1;20;97.125;390.227;42.333
97.125;390.227;12.360;42.333;1;20;97.799;390.966;42.539
97.799;390.966;12.390;42.539;1;20;98.475;391.703;42.745
98.475;391.703;12.420;42.745;1;20;99.153;392.438;42.952
99.153;392.438;12.450;42.952;1;20;99.835;393.169;43.160
99.835;393.169;12.480;43.160;1;20;100.519;393.899;43.368
100.519;393.899;12.510;43.368;1;20;101.205;394.626;43.576
101.205;394.626;12.540;43.576;1;20;101.895;395.350;43.785
101.895;395.350;12.570;43.785;1;20;102.587;396.072;43.995
102.587;396.072;12.600;43.995;1;20;103.281;396.792;44.205
103.281;396.792;12.630;44.205;1;20;103.979;397.508;44.415
103.979;397.508;12.660;44.415;1;20;104.678;398.223;44.626
104.678;398.223;12.690;44.626;1;20;105.381;398.934;44.838
105.381;398.934;12.720;44.838;1;20;106.086;399.644;45.050
106.086;399.644;12.750;45.050;1;20;106.794;400.350;45.262
106.794;400.350;12.780;45.262;1;20;107.504;401.054;45.475
107.504;401.054;12.810;45.475;1;20;108.217;401.755;45.689
108.217;401.755;12.840;45.689;1;20;108.933;402.454;45.903
108.933;402.454;12.870;45.903;1;20;109.651;403.150;46.117
109.651;403.150;12.900;46.117;1;20;110.372;403.843;46.332
110.372;403.843;12.930;46.332;1;20;111.095;404.533;46.548
111.095;404.533;12.960;46.548;1;20;111.821;405.221;46.764
111.821;405.221;12.990;46.764;1;20;112.549;405.906;46.980
112.549;405.906;13.020;46.980;1;20;113.280;406.588;47.197
113.280;406.588;13.050;47.197;1;20;114.014;407.268;47.415
114.014;407.268;13.080;47.415;1;20;114.750;407.944;47.633
114.750;407.944;13.110;47.633;1;20;115.489;408.618;47.851
115.489;408.618;13.140;47.851;1;20;116.231;409.289;48.070
116.231;409.289;13.170;48.070;1;20;116.975;409.958;48.290
116.975;409.958;13.200;48.290;1;20;117.721;410.623;48.510
117.721;410.623;13.230;48.510;1;20;118.470;411.285;48.730
118.470;411.285;13.260;48.730;1;20;119.222;411.945;48.951
119.222;411.945;13.290;48.951;1;20;119.976;412.602;49.173
119.976;412.602;13.320;49.173;1;20;120.733;413.255;49.395
120.733;413.255;13.350;49.395;1;20;121.492;413.906;49.617
121.492;413.906;13.380;49.617;1;20;122.254;414.554;49.840
122.254;414.554;13.410;49.840;1;20;123.018;415.199;50.064
123.018;415.199;13.440;50.064;1;20;123.785;415.841;50.288
123.785;415.841;13.470;50.288;1;20;124.554;416.480;50.512
124.554;416.480;13.500;50.512;1;20;125.326;417.116;50.737
125.326;417.116;13.530;50.737;1;20;126.100;417.749;50.963
126.100;417.749;13.560;50.963;1;20;126.877;418.379;51.189
126.877;418.379;13.590;51.189;1;20;127.656;419.005;51.415
127.656;419.005;13.620;51.415;1;20;128.438;419.629;51.642
128.438;419.629;13.650;51.642;1;20;129.222;420.250;51.870
129.222;420.250;13.680;51.870;1;20;130.008;420.867;52.098
130.008;420.867;13.710;52.098;1;20;130.797;421.481;52.326
130.797;421.481;13.740;52.326;1;20;131.589;422.092;52.555
131.589;422.092;13.770;52.555;1;20;132.383;422.700;52.785
132.383;422.700;13.800;52.785;1;20;133.179;423.305;53.015
133.179;423.305;13.830;53.015;1;20;133.978;423.907;53.245
133.978;423.907;13.860;53.245;1;20;134.779;424.505;53.476
134.779;424.505;13.890;53.476;1;20;135.583;425.100;53.708
135.583;425.100;13.920;53.708;1;20;136.389;425.692;53.940
136.389;425.692;13.950;53.940;1;20;137.197;426.281;54.172
137.197;426.281;13.980;54.172;1;20;138.008;426.866;54.405
138.008;426.866;14.010;54.405;1;20;138.821;427.448;54.639
138.821;427.448;14.040;54.639;1;20;139.637;428.027;54.873
139.637;428.027;14.070;54.873;1;20;140.455;428.602;55.107
140.455;428.602;14.100;55.107;1;20;141.275;429.174;55.342
141.275;429.174;14.130;55.342;1;20;142.097;429.743;55.578
142.097;429.743;14.160;55.578;1;20;142.922;430.308;55.814
142.922;430.308;14.190;55.814;1;20;143.750;430.870;56.050
143.750;430.870;14.220;56.050;1;20;144.579;431.429;56.287
144.579;431.429;14.250;56.287;1;20;145.411;431.984;56.525
145.411;431.984;14.280;56.525;1;20;146.245;432.535;56.763
146.245;432.535;14.310;56.763;1;20;147.081;433.083;57.001
147.081;433.083;14.340;57.001;1;20;147.920;433.628;57.240
147.920;433.628;14.370;57.240;1;20;148.761;434.169;57.480
148.761;434.169;14.400;57.480;1;20;149.604;434.707;57.720
149.604;434.707;14.430;57.720;1;20;150.450;435.241;57.960
150.450;435.241;14.460;57.960;1;20;151.297;435.771;58.201
151.297;435.771;14.490;58.201;1;20;152.147;436.298;58.443
152.147;436.298;14.520;58.443;1;20;152.999;436.822;58.685
152.999;436.822;14.550;58.685;1;20;153.854;437.341;58.927
153.854;437.341;14.580;58.927;1;20;154.710;437.858;59.170
154.710;437.858;14.610;59.170;1;20;155.569;438.370;59.414
155.569;438.370;14.640;59.414;1;20;156.430;438.879;59.658
156.430;438.879;14.670;59.658;1;20;157.293;439.384;59.902
157.293;439.384;14.700;59.902;1;20;158.158;439.885;60.147
158.158;439.885;14.730;60.147;1;20;159.025;440.383;60.393
159.025;440.383;14.760;60.393;1;20;159.895;440.877;60.639
159.895;440.877;14.790;60.639;1;20;160.766;441.368;60.885
160.766;441.368;14.820;60.885;1;20;161.640;441.854;61.132
161.640;441.854;14.850;61.132;1;20;162.516;442.337;61.380
162.516;442.337;14.880;61.380;1;20;163.394;442.816;61.628
163.394;442.816;14.910;61.628;1;20;164.273;443.291;61.876
164.273;443.291;14.940;61.876;1;20;165.155;443.763;62.125
165.155;443.763;14.970;62.125;1;20;166.039;444.230;62.375
166.039;444.230;15.000;62.375;1;20;166.925;444.694;62.625
166.925;444.694;15.030;62.625;1;-20;167.813;445.154;62.875
167.813;445.154;15.000;62.875;1;-20;168.703;445.609;63.125
168.703;445.609;14.970;63.125;1;-20;169.595;446.062;63.375
169.595;446.062;14.940;63.375;1;-20;170.489;446.510;63.624
170.489;446.510;14.910;63.624;1;-20;171.385;446.954;63.872
171.385;446.954;14.880;63.872;1;-20;172.283;447.394;64.120
172.283;447.394;14.850;64.120;1;-20;173.183;447.831;64.368
173.183;447.831;14.820;64.368;1;-20;174.084;448.263;64.615
174.084;448.263;14.790;64.615;1;-20;174.988;448.692;64.861
174.988;448.692;14.760;64.861;1;-20;175.893;449.117;65.107
175.893;449.117;14.730;65.107;1;-20;176.800;449.538;65.353
176.800;449.538;14.700;65.353;1;-20;177.709;449.955;65.598
177.709;449.955;14.670;65.598;1;-20;178.620;450.368;65.842
178.620;450.368;14.640;65.842;1;-20;179.532;450.777;66.086
179.532;450.777;14.610;66.086;1;-20;180.446;451.183;66.330
180.446;451.183;14.580;66.330;1;-20;181.362;451.584;66.573
181.362;451.584;14.550;66.573;1;-20;182.280;451.982;66.815
182.280;451.982;14.520;66.815;1;-20;183.199;452.375;67.057
183.199;452.375;14.490;67.057;1;-20;184.120;452.765;67.299
184.120;452.765;14.460;67.299;1;-20;185.042;453.151;67.540
185.042;453.151;14.430;67.540;1;-20;185.967;453.533;67.780
185.967;453.533;14.400;67.780;1;-20;186.892;453.911;68.020
186.892;453.911;14.370;68.020;1;-20;187.820;454.285;68.260
187.820;454.285;14.340;68.260;1;-20;188.748;454.656;68.499
188.748;454.656;14.310;68.499;1;-20;189.679;455.022;68.737
189.679;455.022;14.280;68.737;1;-20;190.611;455.385;68.975
190.611;455.385;14.250;68.975;1;-20;191.544;455.744;69.213
191.544;455.744;14.220;69.213;1;-20;192.479;456.099;69.450
192.479;456.099;14.190;69.450;1;-20;193.416;456.450;69.686
193.416;456.450;14.160;69.686;1;-20;194.353;456.797;69.922
194.353;456.797;14.130;69.922;1;-20;195.293;457.140;70.158
195.293;457.140;14.100;70.158;1;-20;196.233;457.480;70.393
196.233;457.480;14.070;70.393;1;-20;197.175;457.815;70.627
197.175;457.815;14.040;70.627;1;-20;198.119;458.147;70.861
198.119;458.147;14.010;70.861;1;-20;199.063;458.475;71.095
199.063;458.475;13.980;71.095;1;-20;200.009;458.799;71.328
200.009;458.799;13.950;71.328;1;-20;200.957;459.119;71.560
200.957;459.119;13.920;71.560;1;-20;201.905;459.435;71.792
201.905;459.435;13.890;71.792;1;-20;202.855;459.748;72.024
202.855;459.748;13.860;72.024;1;-20;203.807;460.056;72.255
203.807;460.056;13.830;72.255;1;-20;204.759;460.361;72.485
204.759;460.361;13.800;72.485;1;-20;205.713;460.662;72.715
205.713;460.662;13.770;72.715;1;-20;206.667;460.959;72.945
206.667;460.959;13.740;72.945;1;-20;207.623;461.252;73.174
207.623;461.252;13.710;73.174;1;-20;208.581;461.542;73.402
208.581;461.542;13.680;73.402;1;-20;209.539;461.828;73.630
209.539;461.828;13.650;73.630;1;-20;210.498;462.109;73.858
210.498;462.109;13.620;73.858;1;-20;211.459;462.387;74.085
211.459;462.387;13.590;74.085;1;-20;212.421;462.662;74.311
212.421;462.662;13.560;74.311;1;-20;213.383;462.932;74.537
213.383;462.932;13.530;74.537;1;-20;214.347;463.199;74.763
214.347;463.199;13.500;74.763;1;-20;215.312;463.461;74.988
215.312;463.461;13.470;74.988;1;-20;216.278;463.720;75.212
216.278;463.720;13.440;75.212;1;-20;217.245;463.976;75.436
217.245;463.976;13.410;75.436;1;-20;218.213;464.227;75.660
218.213;464.227;13.380;75.660;1;-20;219.182;464.475;75.883
219.182;464.475;13.350;75.883;1;-20;220.151;464.719;76.105
220.151;464.719;13.320;76.105;1;-20;221.122;464.959;76.327
221.122;464.959;13.290;76.327;1;-20;222.094;465.195;76.549
222.094;465.195;13.260;76.549;1;-20;223.066;465.428;76.770
223.066;465.428;13.230;76.770;1;-20;224.040;465.657;76.990
224.040;465.657;13.200;76.990;1;-20;225.014;465.882;77.210
225.014;465.882;13.170;77.210;1;-20;225.989;466.103;77.430
225.989;466.103;13.140;77.430;1;-20;226.965;466.321;77.649
226.965;466.321;13.110;77.649;1;-20;227.942;466.535;77.867
227.942;466.535;13.080;77.867;1;-20;228.920;466.745;78.085
228.920;466.745;13.050;78.085;1;-20;229.898;466.951;78.303
229.898;466.951;13.020;78.303;1;-20;230.878;467.154;78.520
230.878;467.154;12.990;78.520;1;-20;231.858;467.353;78.736
231.858;467.353;12.960;78.736;1;-20;232.838;467.548;78.952
232.838;467.548;12.930;78.952;1;-20;233.820;467.740;79.168
233.820;467.740;12.900;79.168;1;-20;234.802;467.928;79.383
234.802;467.928;12.870;79.383;1;-20;235.785;468.112;79.597
235.785;468.112;12.840;79.597;1;-20;236.768;468.293;79.811
236.768;468.293;12.810;79.811;1;-20;237.753;468.470;80.025
237.753;468.470;12.780;80.025;1;-20;238.737;468.643;80.238
238.737;468.643;12.750;80.238;1;-20;239.723;468.812;80.450
239.723;468.812;12.720;80.450;1;-20;240.709;468.978;80.662
240.709;468.978;12.690;80.662;1;-20;241.696;469.141;80.874
241.696;469.141;12.660;80.874;1;-20;242.683;469.299;81.085
242.683;469.299;12.630;81.085;1;-20;243.671;469.454;81.295
243.671;469.454;12.600;81.295;1;-20;244.660;469.605;81.505
244.660;469.605;12.570;81.505;1;-20;245.649;469.753;81.715
245.649;469.753;12.540;81.715;1;-20;246.638;469.897;81.924
246.638;469.897;12.510;81.924;1;-20;247.628;470.038;82.132
247.628;470.038;12.480;82.132;1;-20;248.619;470.175;82.340
248.619;470.175;12.450;82.340;1;-20;249.610;470.308;82.548
249.610;470.308;12.420;82.548;1;-20;250.602;470.438;82.755
250.602;470.438;12.390;82.755;1;-20;251.594;470.564;82.961
251.594;470.564;12.360;82.961;1;-20;252.586;470.686;83.167
252.586;470.686;12.330;83.167;1;-20;253.579;470.805;83.373
253.579;470.805;12.300;83.373;1;-20;254.572;470.921;83.578
254.572;470.921;12.270;83.578;1;-20;255.566;471.032;83.782
255.566;471.032;12.240;83.782;1;-20;256.560;471.141;83.986
256.560;471.141;12.210;83.986;1;-20;257.555;471.246;84.190
257.555;471.246;12.180;84.190;1;-20;258.549;471.347;84.393
258.549;471.347;12.150;84.393;1;-20;259.545;471.444;84.595
259.545;471.444;12.120;84.595;1;-20;260.540;471.539;84.797
260.540;471.539;12.090;84.797;1;-20;261.536;471.629;84.999
261.536;471.629;12.060;84.999;1;-20;262.532;471.717;85.200
262.532;471.717;12.030;85.200;1;-20;263.529;471.800;85.400
263.529;471.800;12.000;85.400;1;-20;264.526;471.880;85.600
264.526;471.880;11.970;85.600;1;-20;265.523;471.957;85.800
265.523;471.957;11.940;85.800;1;-20;266.520;472.030;85.999
266.520;472.030;11.910;85.999;1;-20;267.517;472.100;86.197
267.517;472.100;11.880;86.197;1;-20;268.515;472.166;86.395
268.515;472.166;11.850;86.395;1;-20;269.513;472.229;86.593
269.513;472.229;11.820;86.593;1;-20;270.512;472.289;86.790
270.512;472.289;11.790;86.790;1;-20;271.510;472.345;86.986
271.510;472.345;11.760;86.986;1;-20;272.509;472.397;87.182
272.509;472.397;11.730;87.182;1;-20;273.507;472.446;87.378
273.507;472.446;11.700;87.378;1;-20;274.506;472.492;87.573
274.506;472.492;11.670;87.573;1;-20;275.505;472.535;87.767
275.505;472.535;11.640;87.767;1;-20;276.505;472.574;87.961
276.505;472.574;11.610;87.961;1;-20;277.504;472.609;88.155
277.504;472.609;11.580;88.155;1;-20;278.504;472.641;88.348
278.504;472.641;11.550;88.348;1;-20;279.503;472.670;88.540
279.503;472.670;11.520;88.540;1;-20;280.503;472.696;88.732
280.503;472.696;11.490;88.732;1;-20;281.503;472.718;88.924
281.503;472.718;11.460;88.924;1;-20;282.502;472.736;89.115
282.502;472.736;11.430;89.115;1;-20;283.502;472.752;89.305
283.502;472.752;11.400;89.305;1;-20;284.502;472.764;89.495
284.502;472.764;11.370;89.495;1;-20;285.502;472.773;89.685
285.502;472.773;11.340;89.685;1;-20;286.502;472.778;89.874
286.502;472.778;11.310;89.874;1;-20;287.502;472.781;90.062
287.502;472.781;11.280;90.062;1;-20;288.502;472.779;90.250
288.502;472.779;11.250;90.250;1;-20;289.502;472.775;90.438
289.502;472.775;11.220;90.438;1;-20;290.502;472.767;90.625
290.502;472.767;11.190;90.625;1;-20;291.502;472.757;90.811
291.502;472.757;11.160;90.811;1;-20;292.502;472.742;90.997
292.502;472.742;11.130;90.997;1;-20;293.502;472.725;91.183
293.502;472.725;11.100;91.183;1;-20;294.502;472.704;91.368
294.502;472.704;11.070;91.368;1;-20;295.501;472.680;91.552
295.501;472.680;11.040;91.552;1;-20;296.501;472.653;91.736
296.501;472.653;11.010;91.736;1;-20;297.500;472.623;91.920
297.500;472.623;10.980;91.920;1;-20;298.500;472.590;92.103
298.500;472.590;10.950;92.103;1;-20;299.499;472.553;92.285
299.499;472.553;10.920;92.285;1;-20;300.498;472.513;92.467
300.498;472.513;10.890;92.467;1;-20;301.497;472.470;92.649
301.497;472.470;10.860;92.649;1;-20;302.496;472.424;92.830
302.496;472.424;10.830;92.830;1;-20;303.495;472.374;93.010
303.495;472.374;10.800;93.010;1;-20;304.494;472.322;93.190
304.494;472.322;10.770;93.190;1;-20;305.492;472.266;93.370
305.492;472.266;10.740;93.370;1;-20;306.491;472.207;93.549
306.491;472.207;10.710;93.549;1;-20;307.489;472.145;93.727
307.489;472.145;10.680;93.727;1;-20;308.486;472.080;93.905
308.486;472.080;10.650;93.905;1;-20;309.484;472.012;94.083
309.484;472.012;10.620;94.083;1;-20;310.482;471.941;94.260
310.482;471.941;10.590;94.260;1;-20;311.479;471.867;94.436
311.479;471.867;10.560;94.436;1;-20;312.476;471.789;94.612
312.476;471.789;10.530;94.612;1;-20;313.473;471.709;94.788
313.473;471.709;10.500;94.788;1;-20;314.469;471.626;94.963
314.469;471.626;10.470;94.963;1;-20;315.465;471.539;95.137
315.465;471.539;10.440;95.137;1;-20;316.461;471.450;95.311
316.461;471.450;10.410;95.311;1;-20;317.457;471.357;95.485
317.457;471.357;10.380;95.485;1;-20;318.453;471.261;95.658
318.453;471.261;10.350;95.658;1;-20;319.448;471.163;95.830
319.448;471.163;10.320;95.830;1;-20;320.442;471.061;96.002
320.442;471.061;10.290;96.002;1;-20;321.437;470.957;96.174
321.437;470.957;10.260;96.174;1;-20;322.431;470.849;96.345
322.431;470.849;10.230;96.345;1;-20;323.425;470.739;96.515
323.425;470.739;10.200;96.515;1;-20;324.419;470.625;96.685
324.419;470.625;10.170;96.685;1;-20;325.412;470.509;96.855
325.412;470.509;10.140;96.855;1;-20;326.405;470.389;97.024
326.405;470.389;10.110;97.024;1;-20;327.397;470.267;97.192
327.397;470.267;10.080;97.192;1;-20;328.389;470.142;97.360
328.389;470.142;10.050;97.360;1;-20;329.381;470.014;97.528
329.381;470.014;10.020;97.528;1;-20;330.372;469.883;97.695
330.372;469.883;9.990;97.695;1;-20;331.363;469.749;97.861
331.363;469.749;9.960;97.861;1;-20;332.354;469.612;98.027
332.354;469.612;9.930;98.027;1;-20;333.344;469.472;98.193
333.344;469.472;9.900;98.193;1;-20;334.334;469.330;98.358
334.334;469.330;9.870;98.358;1;-20;335.323;469.185;98.522
335.323;469.185;9.840;98.522;1;-20;336.312;469.036;98.686
336.312;469.036;9.810;98.686;1;-20;337.301;468.885;98.850
337.301;468.885;9.780;98.850;1;-20;338.289;468.731;99.013
338.289;468.731;9.750;99.013;1;-20;339.277;468.575;99.175
339.277;468.575;9.720;99.175;1;-20;340.264;468.415;99.337
340.264;468.415;9.690;99.337;1;-20;341.251;468.253;99.499
341.251;468.253;9.660;99.499;1;-20;342.237;468.088;99.660
342.237;468.088;9.630;99.660;1;-20;343.223;467.920;99.820
343.223;467.920;9.600;99.820;1;-20;344.208;467.750;99.980
344.208;467.750;9.570;99.980;1;-20;345.193;467.576;100.140
345.193;467.576;9.540;100.140;1;-20;346.177;467.400;100.299
346.177;467.400;9.510;100.299;1;-20;347.161;467.222;100.457
347.161;467.222;9.480;100.457;1;-20;348.145;467.040;100.615
348.145;467.040;9.450;100.615;1;-20;349.127;466.856;100.773
349.127;466.856;9.420;100.773;1;-20;350.110;466.669;100.930
350.110;466.669;9.390;100.930;1;-20;351.092;466.479;101.086
351.092;466.479;9.360;101.086;1;-20;352.073;466.287;101.242
352.073;466.287;9.330;101.242;1;-20;353.054;466.092;101.398
353.054;466.092;9.300;101.398;1;-20;354.034;465.894;101.553
354.034;465.894;9.270;101.553;1;-20;355.014;465.694;101.707
355.014;465.694;9.240;101.707;1;-20;355.993;465.491;101.861
355.993;465.491;9.210;101.861;1;-20;356.972;465.286;102.015
356.972;465.286;9.180;102.015;1;-20;357.950;465.078;102.168
357.950;465.078;9.150;102.168;1;-20;358.927;464.867;102.320
358.927;464.867;9.120;102.320;1;-20;359.904;464.653;102.472
359.904;464.653;9.090;102.472;1;-20;360.881;464.437;102.624
360.881;464.437;9.060;102.624;1;-20;361.857;464.219;102.775
361.857;464.219;9.030;102.775;1;-20;362.832;463.998;102.925
362.832;463.998;9.000;102.925;1;-20;363.806;463.774;103.075
363.806;463.774;8.970;103.075;1;-20;364.780;463.548;103.225
364.780;463.548;8.940;103.225;1;-20;365.754;463.319;103.374
365.754;463.319;8.910;103.374;1;-20;366.727;463.088;103.522
366.727;463.088;8.880;103.522;1;-20;367.699;462.854;103.670
367.699;462.854;8.850;103.670;1;-20;368.671;462.618;103.818
368.671;462.618;8.820;103.818;1;-20;369.642;462.379;103.965
369.642;462.379;8.790;103.965;1;-20;370.612;462.137;104.111
370.612;462.137;8.760;104.111;1;-20;371.582;461.894;104.257
371.582;461.894;8.730;104.257;1;-20;372.551;461.647;104.403
372.551;461.647;8.700;104.403;1;-20;373.520;461.399;104.548
373.520;461.399;8.670;104.548;1;-20;374.488;461.147;104.692
374.488;461.147;8.640;104.692;1;-20;375.455;460.894;104.836
375.455;460.894;8.610;104.836;1;-20;376.422;460.638;104.980
376.422;460.638;8.580;104.980;1;-20;377.388;460.379;105.123
377.388;460.379;8.550;105.123;1;-20;378.353;460.118;105.265
378.353;460.118;8.520;105.265;1;-20;379.318;459.855;105.407
379.318;459.855;8.490;105.407;1;-20;380.282;459.589;105.549
380.282;459.589;8.460;105.549;1;-20;381.245;459.321;105.690
381.245;459.321;8.430;105.690;1;-20;382.208;459.051;105.830
382.208;459.051;8.400;105.830;1;-20;383.170;458.778;105.970
383.170;458.778;8.370;105.970;1;-20;384.132;458.503;106.110
384.132;458.503;8.340;106.110;1;-20;385.092;458.225;106.249
385.092;458.225;8.310;106.249;1;-20;386.052;457.946;106.387
386.052;457.946;8.280;106.387;1;-20;387.012;457.663;106.525
387.012;457.663;8.250;106.525;1;-20;387.970;457.379;106.663
387.970;457.379;8.220;106.663;1;-20;388.928;457.092;106.800
388.928;457.092;8.190;106.800;1;-20;389.886;456.803;106.936
389.886;456.803;8.160;106.936;1;-20;390.842;456.512;107.072
390.842;456.512;8.130;107.072;1;-20;391.798;456.218;107.208
391.798;456.218;8.100;107.208;1;-20;392.754;455.923;107.343
392.754;455.923;8.070;107.343;1;-20;393.708;455.624;107.477
393.708;455.624;8.040;107.477;1;-20;394.662;455.324;107.611
394.662;455.324;8.010;107.611;1;-20;395.615;455.022;107.745
395.615;455.022;7.980;107.745;1;-20;396.567;454.717;107.878
396.567;454.717;7.950;107.878;1;-20;397.519;454.410;108.010
397.519;454.410;7.920;108.010;1;-20;398.470;454.101;108.142
398.470;454.101;7.890;108.142;1;-20;399.420;453.789;108.274
399.420;453.789;7.860;108.274;1;-20;400.370;453.476;108.405
400.370;453.476;7.830;108.405;1;-20;401.319;453.160;108.535
401.319;453.160;7.800;108.535;1;-20;402.267;452.842;108.665
402.267;452.842;7.770;108.665;1;-20;403.214;452.522;108.795
403.214;452.522;7.740;108.795;1;-20;404.161;452.200;108.924
404.161;452.200;7.710;108.924;1;-20;405.107;451.875;109.052
405.107;451.875;7.680;109.052;1;-20;406.052;451.549;109.180
406.052;451.549;7.650;109.180;1;-20;406.997;451.220;109.308
406.997;451.220;7.620;109.308;1;-20;407.941;450.890;109.435
407.941;450.890;7.590;109.435;1;-20;408.884;450.557;109.561
408.884;450.557;7.560;109.561;1;-20;409.826;450.222;109.687
409.826;450.222;7.530;109.687;1;-20;410.767;449.885;109.813
410.767;449.885;7.500;109.813;1;-20;411.708;449.546;109.938
411.708;449.546;7.470;109.938;1;-20;412.648;449.205;110.062
412.648;449.205;7.440;110.062;1;-20;413.588;448.862;110.186
413.588;448.862;7.410;110.186;1;-20;414.526;448.517;110.310
414.526;448.517;7.380;110.310;1;-20;415.464;448.170;110.433
415.464;448.170;7.350;110.433;1;-20;416.401;447.821;110.555
416.401;447.821;7.320;110.555;1;-20;417.337;447.470;110.677
417.337;447.470;7.290;110.677;1;-20;418.273;447.117;110.799
418.273;447.117;7.260;110.799;1;-20;419.208;446.762;110.920
419.208;446.762;7.230;110.920;1;-20;420.142;446.405;111.040
420.142;446.405;7.200;111.040;1;-20;421.075;446.046;111.160
421.075;446.046;7.170;111.160;1;-20;422.008;445.685;111.280
422.008;445.685;7.140;111.280;1;-20;422.940;445.322;111.399
422.940;445.322;7.110;111.399;1;-20;423.871;444.957;111.517
423.871;444.957;7.080;111.517;1;-20;424.801;444.590;111.635
424.801;444.590;7.050;111.635;1;-20;425.730;444.221;111.753
425.730;444.221;7.020;111.753;1;-20;426.659;443.851;111.870
426.659;443.851;6.990;111.870;1;-20;427.587;443.478;111.986
427.587;443.478;6.960;111.986;1;-20;428.515;443.104;112.102
428.515;443.104;6.930;112.102;1;-20;429.441;442.728;112.218
429.441;442.728;6.900;112.218;1;-20;430.367;442.350;112.333
430.367;442.350;6.870;112.333;1;-20;431.292;441.970;112.447
431.292;441.970;6.840;112.447;1;-20;432.216;441.588;112.561
432.216;441.588;6.810;112.561;1;-20;433.140;441.204;112.675
433.140;441.204;6.780;112.675;1;-20;434.062;440.819;112.788
434.062;440.819;6.750;112.788;1;-20;434.984;440.431;112.900
434.984;440.431;6.720;112.900;1;-20;435.905;440.042;113.012
435.905;440.042;6.690;113.012;1;-20;436.826;439.651;113.124
436.826;439.651;6.660;113.124;1;-20;437.745;439.258;113.235
437.745;439.258;6.630;113.235;1;-20;438.664;438.864;113.345
438.664;438.864;6.600;113.345;1;-20;439.582;438.468;113.455
439.582;438.468;6.570;113.455;1;-20;440.500;438.070;113.565
440.500;438.070;6.540;113.565;1;-20;441.416;437.670;113.674
441.416;437.670;6.510;113.674;1;-20;442.332;437.268;113.782
442.332;437.268;6.480;113.782;1;-20;443.247;436.865;113.890
443.247;436.865;6.450;113.890;1;-20;444.162;436.460;113.998
444.162;436.460;6.420;113.998;1;-20;445.075;436.053;114.105
445.075;436.053;6.390;114.105;1;-20;445.988;435.645;114.211
445.988;435.645;6.360;114.211;1;-20;446.900;435.235;114.317
446.900;435.235;6.330;114.317;1;-20;447.811;434.823;114.423
447.811;434.823;6.300;114.423;1;-20;448.722;434.410;114.528
448.722;434.410;6.270;114.528;1;-20;449.632;433.994;114.632
449.632;433.994;6.240;114.632;1;-20;450.541;433.578;114.736
450.541;433.578;6.210;114.736;1;-20;451.449;433.159;114.840
451.449;433.159;6.180;114.840;1;-20;452.356;432.739;114.943
452.356;432.739;6.150;114.943;1;-20;453.263;432.317;115.045
453.263;432.317;6.120;115.045;1;-20;454.169;431.894;115.147
454.169;431.894;6.090;115.147;1;-20;455.074;431.469;115.249
455.074;431.469;6.060;115.249;1;-20;455.979;431.043;115.350
455.979;431.043;6.030;115.350;1;-20;456.882;430.614;115.450
456.882;430.614;6.000;115.450;1;-20;457.785;430.185;115.550
457.785;430.185;5.970;115.550;1;-20;458.688;429.753;115.650
458.688;429.753;5.940;115.650;1;-20;459.589;429.320;115.749
459.589;429.320;5.910;115.749;1;-20;460.490;428.886;115.847
460.490;428.886;5.880;115.847;1;-20;461.390;428.450;115.945
461.390;428.450;5.850;115.945;1;-20;462.289;428.013;116.043
462.289;428.013;5.820;116.043;1;-20;463.187;427.574;116.140
463.187;427.574;5.790;116.140;1;-20;464.085;427.133;116.236
464.085;427.133;5.760;116.236;1;-20;464.982;426.691;116.332
464.982;426.691;5.730;116.332;1;-20;465.878;426.247;116.428
465.878;426.247;5.700;116.428;1;-20;466.774;425.802;116.523
466.774;425.802;5.670;116.523;1;-20;467.669;425.356;116.617
467.669;425.356;5.640;116.617;1;-20;468.563;424.908;116.711
468.563;424.908;5.610;116.711;1;-20;469.456;424.458;116.805
469.456;424.458;5.580;116.805;1;-20;470.348;424.007;116.898
470.348;424.007;5.550;116.898;1;-20;471.240;423.555;116.990
471.240;423.555;5.520;116.990;1;-20;472.131;423.101;117.082
472.131;423.101;5.490;117.082;1;-20;473.022;422.646;117.174
473.022;422.646;5.460;117.174;1;-20;473.911;422.189;117.265
473.911;422.189;5.430;117.265;1;-20;474.800;421.731;117.355
474.800;421.731;5.400;117.355;1;-20;475.688;421.271;117.445
475.688;421.271;5.370;117.445;1;-20;476.576;420.810;117.535
476.576;420.810;5.340;117.535;1;-20;477.463;420.348;117.624
477.463;420.348;5.310;117.624;1;-20;478.349;419.884;117.712
478.349;419.884;5.280;117.712;1;-20;479.234;419.419;117.800
479.234;419.419;5.250;117.800;1;-20;480.118;418.953;117.888
480.118;418.953;5.220;117.888;1;-20;481.002;418.485;117.975
481.002;418.485;5.190;117.975;1;-20;481.885;418.016;118.061
481.885;418.016;5.160;118.061;1;-20;482.768;417.546;118.147
482.768;417.546;5.130;118.147;1;-20;483.650;417.074;118.233
483.650;417.074;5.100;118.233;1;-20;484.531;416.601;118.318
484.531;416.601;5.070;118.318;1;-20;485.411;416.127;118.402
485.411;416.127;5.040;118.402;1;-20;486.291;415.651;118.486
486.291;415.651;5.010;118.486;1;-20;487.170;415.174;118.570
487.170;415.174;4.980;118.570;1;-20;488.048;414.696;118.653
488.048;414.696;4.950;118.653;1;-20;488.925;414.216;118.735
488.925;414.216;4.920;118.735;1;-20;489.802;413.736;118.817
489.802;413.736;4.890;118.817;1;-20;490.678;413.253;118.899
490.678;413.253;4.860;118.899;1;-20;491.554;412.770;118.980
491.554;412.770;4.830;118.980;1;-20;492.429;412.286;119.060
492.429;412.286;4.800;119.060;1;-20;493.303;411.800;119.140
493.303;411.800;4.770;119.140;1;-20;494.176;411.313;119.220
494.176;411.313;4.740;119.220;1;-20;495.049;410.825;119.299
495.049;410.825;4.710;119.299;1;-20;495.921;410.335;119.377
495.921;410.335;4.680;119.377;1;-20;496.792;409.845;119.455
496.792;409.845;4.650;119.455;1;-20;497.663;409.353;119.533
497.663;409.353;4.620;119.533;1;-20;498.533;408.860;119.610
498.533;408.860;4.590;119.610;1;-20;499.403;408.366;119.686
499.403;408.366;4.560;119.686;1;-20;500.271;407.871;119.762
500.271;407.871;4.530;119.762;1;-20;501.139;407.375;119.838
501.139;407.375;4.500;119.838;1;-20;502.007;406.877;119.913
502.007;406.877;4.470;119.913;1;-20;502.874;406.378;119.987
502.874;406.378;4.440;119.987;1;-20;503.740;405.878;120.061
503.740;405.878;4.410;120.061;1;-20;504.605;405.378;120.135
504.605;405.378;4.380;120.135;1;-20;505.470;404.875;120.208
505.470;404.875;4.350;120.208;1;-20;506.334;404.372;120.280
506.334;404.372;4.320;120.280;1;-20;507.198;403.868;120.352
507.198;403.868;4.290;120.352;1;-20;508.061;403.363;120.424
508.061;403.363;4.260;120.424;1;-20;508.923;402.856;120.495
508.923;402.856;4.230;120.495;1;-20;509.785;402.349;120.565
509.785;402.349;4.200;120.565;1;-20;510.646;401.840;120.635
510.646;401.840;4.170;120.635;1;-20;511.506;401.331;120.705
511.506;401.331;4.140;120.705;1;-20;512.366;400.820;120.774
512.366;400.820;4.110;120.774;1;-20;513.225;400.309;120.842
513.225;400.309;4.080;120.842;1;-20;514.084;399.796;120.910
514.084;399.796;4.050;120.910;1;-20;514.942;399.282;120.978
514.942;399.282;4.020;120.978;1;-20;515.799;398.767;121.045
515.799;398.767;3.990;121.045;1;-20;516.656;398.252;121.111
516.656;398.252;3.960;121.111;1;-20;517.512;397.735;121.177
517.512;397.735;3.930;121.177;1;-20;518.368;397.217;121.243
518.368;397.217;3.900;121.243;1;-20;519.223;396.699;121.308
519.223;396.699;3.870;121.308;1;-20;520.077;396.179;121.372
520.077;396.179;3.840;121.372;1;-20;520.931;395.658;121.436
520.931;395.658;3.810;121.436;1;-20;521.784;395.137;121.500
521.784;395.137;3.780;121.500;1;-20;522.637;394.614;121.563
522.637;394.614;3.750;121.563;1;-20;523.489;394.091;121.625
523.489;394.091;3.720;121.625;1;-20;524.340;393.567;121.687
524.340;393.567;3.690;121.687;1;-20;525.191;393.041;121.749
525.191;393.041;3.660;121.749;1;-20;526.042;392.515;121.810
526.042;392.515;3.630;121.810;1;-20;526.891;391.988;121.870
526.891;391.988;3.600;121.870;1;-20;527.741;391.460;121.930
527.741;391.460;3.570;121.930;1;-20;528.589;390.931;121.990
528.589;390.931;3.540;121.990;1;-20;529.437;390.401;122.049
529.437;390.401;3.510;122.049;1;-20;530.285;389.871;122.107
530.285;389.871;3.480;122.107;1;-20;531.132;389.339;122.165
531.132;389.339;3.450;122.165;1;-20;531.979;388.807;122.223
531.979;388.807;3.420;122.223;1;-20;532.825;388.274;122.280
532.825;388.274;3.390;122.280;1;-20;533.670;387.740;122.336
533.670;387.740;3.360;122.336;1;-20;534.515;387.205;122.392
534.515;387.205;3.330;122.392;1;-20;535.359;386.669;122.448
535.359;386.669;3.300;122.448;1;-20;536.203;386.132;122.503
536.203;386.132;3.270;122.503;1;-20;537.047;385.595;122.557
537.047;385.595;3.240;122.557;1;-20;537.889;385.057;122.611
537.889;385.057;3.210;122.611;1;-20;538.732;384.518;122.665
538.732;384.518;3.180;122.665;1;-20;539.574;383.978;122.718
539.574;383.978;3.150;122.718;1;-20;540.415;383.438;122.770
540.415;383.438;3.120;122.770;1;-20;541.256;382.897;122.822
541.256;382.897;3.090;122.822;1;-20;542.096;382.354;122.874
542.096;382.354;3.060;122.874;1;-20;542.936;381.812;122.925
542.936;381.812;3.030;122.925;1;-20;543.775;381.268;122.975
543.775;381.268;3.000;122.975;1;-20;544.614;380.724;123.025
544.614;380.724;2.970;123.025;1;-20;545.453;380.179;123.075
545.453;380.179;2.940;123.075;1;-20;546.291;379.633;123.124
546.291;379.633;2.910;123.124;1;-20;547.128;379.087;123.172
547.128;379.087;2.880;123.172;1;-20;547.965;378.539;123.220
547.965;378.539;2.850;123.220;1;-20;548.802;377.992;123.268
548.802;377.992;2.820;123.268;1;-20;549.638;377.443;123.315
549.638;377.443;2.790;123.315;1;-20;550.474;376.894;123.361
550.474;376.894;2.760;123.361;1;-20;551.309;376.344;123.407
551.309;376.344;2.730;123.407;1;-20;552.144;375.793;123.453
552.144;375.793;2.700;123.453;1;-20;552.978;375.242;123.498
552.978;375.242;2.670;123.498;1;-20;553.812;374.690;123.542
553.812;374.690;2.640;123.542;1;-20;554.645;374.138;123.586
554.645;374.138;2.610;123.586;1;-20;555.478;373.584;123.630
555.478;373.584;2.580;123.630;1;-20;556.311;373.031;123.673
556.311;373.031;2.550;123.673;1;-20;557.143;372.476;123.715
557.143;372.476;2.520;123.715;1;-20;557.975;371.921;123.757
557.975;371.921;2.490;123.757;1;-20;558.806;371.365;123.799
558.806;371.365;2.460;123.799;1;-20;559.637;370.809;123.840
559.637;370.809;2.430;123.840;1;-20;560.468;370.252;123.880
560.468;370.252;2.400;123.880;1;-20;561.298;369.695;123.920
561.298;369.695;2.370;123.920;1;-20;562.128;369.137;123.960
562.128;369.137;2.340;123.960;1;-20;562.957;368.578;123.999
562.957;368.578;2.310;123.999;1;-20;563.786;368.019;124.037
563.786;368.019;2.280;124.037;1;-20;564.615;367.459;124.075
564.615;367.459;2.250;124.075;1;-20;565.443;366.899;124.113
565.443;366.899;2.220;124.113;1;-20;566.271;366.338;124.150
566.271;366.338;2.190;124.150;1;-20;567.099;365.777;124.186
567.099;365.777;2.160;124.186;1;-20;567.926;365.215;124.222
567.926;365.215;2.130;124.222;1;-20;568.753;364.652;124.258
568.753;364.652;2.100;124.258;1;-20;569.579;364.089;124.293
569.579;364.089;2.070;124.293;1;-20;570.406;363.526;124.327
570.406;363.526;2.040;124.327;1;-20;571.231;362.962;124.361
571.231;362.962;2.010;124.361;1;-20;572.057;362.398;124.395
572.057;362.398;1.980;124.395;1;-20;572.882;361.833;124.428
572.882;361.833;1.950;124.428;1;-20;573.707;361.267;124.460
573.707;361.267;1.920;124.460;1;-20;574.531;360.702;124.492
574.531;360.702;1.890;124.492;1;-20;575.356;360.135;124.524
575.356;360.135;1.860;124.524;1;-20;576.180;359.569;124.555
576.180;359.569;1.830;124.555;1;-20;577.003;359.001;124.585
577.003;359.001;1.800;124.585;1;-20;577.826;358.434;124.615
577.826;358.434;1.770;124.615;1;-20;578.649;357.866;124.645
578.649;357.866;1.740;124.645;1;-20;579.472;357.297;124.674
579.472;357.297;1.710;124.674;1;-20;580.295;356.728;124.702
580.295;356.728;1.680;124.702;1;-20;581.117;356.159;124.730
581.117;356.159;1.650;124.730;1;-20;581.938;355.589;124.758
581.938;355.589;1.620;124.758;1;-20;582.760;355.019;124.785
582.760;355.019;1.590;124.785;1;-20;583.581;354.449;124.811
583.581;354.449;1.560;124.811;1;-20;584.402;353.878;124.837
584.402;353.878;1.530;124.837;1;-20;585.223;353.307;124.863
585.223;353.307;1.500;124.863;1;-20;586.044;352.735;124.888
586.044;352.735;1.470;124.888;1;-20;586.864;352.163;124.912
586.864;352.163;1.440;124.912;1;-20;587.684;351.591;124.936
587.684;351.591;1.410;124.936;1;-20;588.504;351.018;124.960
588.504;351.018;1.380;124.960;1;-20;589.323;350.445;124.983
589.323;350.445;1.350;124.983;1;-20;590.143;349.872;125.005
590.143;349.872;1.320;125.005;1;-20;590.962;349.298;125.027
590.962;349.298;1.290;125.027;1;-20;591.781;348.724;125.049
591.781;348.724;1.260;125.049;1;-20;592.599;348.150;125.070
592.599;348.150;1.230;125.070;1;-20;593.418;347.575;125.090
593.418;347.575;1.200;125.090;1;-20;594.236;347.000;125.110
594.236;347.000;1.170;125.110;1;-20;595.054;346.425;125.130
595.054;346.425;1.140;125.130;1;-20;595.872;345.850;125.149
595.872;345.850;1.110;125.149;1;-20;596.690;345.274;125.167
596.690;345.274;1.080;125.167;1;-20;597.507;344.698;125.185
597.507;344.698;1.050;125.185;1;-20;598.324;344.122;125.203
598.324;344.122;1.020;125.203;1;-20;599.141;343.545;125.220
599.141;343.545;0.990;125.220;1;-20;599.958;342.969;125.236
599.958;342.969;0.960;125.236;1;-20;600.775;342.392;125.252
600.775;342.392;0.930;125.252;1;-20;601.592;341.814;125.268
601.592;341.814;0.900;125.268;1;-20;602.408;341.237;125.283
602.408;341.237;0.870;125.283;1;-20;603.225;340.659;125.297
603.225;340.659;0.840;125.297;1;-20;604.041;340.082;125.311
604.041;340.082;0.810;125.311;1;-20;604.857;339.504;125.325
604.857;339.504;0.780;125.325;1;-20;605.673;338.925;125.338
605.673;338.925;0.750;125.338;1;-20;606.488;338.347;125.350
606.488;338.347;0.720;125.350;1;-20;607.304;337.768;125.362
607.304;337.768;0.690;125.362;1;-20;608.119;337.190;125.374
608.119;337.190;0.660;125.374;1;-20;608.935;336.611;125.385
608.935;336.611;0.630;125.385;1;-20;609.750;336.032;125.395
609.750;336.032;0.600;125.395;1;-20;610.565;335.452;125.405
610.565;335.452;0.570;125.405;1;-20;611.380;334.873;125.415
611.380;334.873;0.540;125.415;1;-20;612.195;334.294;125.424
612.195;334.294;0.510;125.424;1;-20;613.010;333.714;125.432
613.010;333.714;0.480;125.432;1;-20;613.825;333.134;125.440
613.825;333.134;0.450;125.440;1;-20;614.640;332.554;125.448
614.640;332.554;0.420;125.448;1;-20;615.454;331.974;125.455
615.454;331.974;0.390;125.455;1;-20;616.269;331.394;125.461
616.269;331.394;0.360;125.461;1;-20;617.083;330.814;125.467
617.083;330.814;0.330;125.467;1;-20;617.898;330.234;125.473
617.898;330.234;0.300;125.473;1;-20;618.712;329.654;125.478
618.712;329.654;0.270;125.478;1;-20;619.527;329.073;125.482
619.527;329.073;0.240;125.482;1;-20;620.341;328.493;125.486
620.341;328.493;0.210;125.486;1;-20;621.155;327.912;125.490
621.155;327.912;0.180;125.490;1;-20;621.969;327.332;125.493
621.969;327.332;0.150;125.493;1;-20;622.784;326.751;125.495
622.784;326.751;0.120;125.495;1;-20;623.598;326.170;125.497
623.598;326.170;0.090;125.497;1;-20;624.412;325.590;125.499
